620,613,944,914
597,585,930,900
589,583,934,893
586,582,874,835
571,563,838,806
540,538,829,798
537,534,765,737
536,531,719,693
497,492,706,681
489,491,651,616
483,479,590,571
453,443,555,550
440,436,542,518
440,443,476,466
433,426,456,450
423,423,461,451
428,431,412,407
442,433,386,390
416,418,398,404
435,431,378,375
450,433,342,345
421,412,345,359
433,432,360,350
445,444,302,305
437,423,298,309
431,428,325,331
436,436,281,292
441,428,276,287
418,419,299,303
421,417,270,281
436,430,267,274
420,423,306,322
454,452,308,312
485,482,313,326
491,474,339,354
500,496,380,378
524,510,364,371
536,523,380,390
528,526,433,437
551,543,424,424
562,549,420,426
528,514,433,446
536,528,456,444
530,520,419,406
519,503,404,404
485,482,429,425
489,480,392,394
497,487,372,374
462,444,373,384
455,450,374,367
453,447,333,337
436,419,324,327
413,411,336,339
407,400,276,283
390,387,260,256
351,359,266,278
359,357,229,241
365,360,201,210
325,318,178,198
312,314,171,178
308,311,132,133
291,285,112,117
259,267,122,140
272,269,79,101
277,277,68,91
248,252,89,113
255,266,72,86
256,264,45,68
253,247,47,67
250,255,67,86
263,270,39,62
274,272,28,49
245,248,51,75
249,253,26,53
263,266,32,50
233,240,45,74
238,243,33,48
247,256,22,53
236,227,31,66
236,244,62,75
251,261,44,72
265,263,58,84
252,249,91,111
248,255,68,78
253,263,60,77
235,246,82,111
254,260,77,95
276,275,82,100
262,260,89,121
260,257,120,133
261,268,106,118
267,264,107,129
250,258,145,163
263,258,125,140
264,263,114,134
233,243,145,164
242,243,128,143
255,257,107,137
237,240,137,170
254,265,162,172
274,270,127,147
245,235,129,144
231,241,157,168
258,270,140,156
282,284,153,171
264,262,174,186
265,270,152,157
276,269,126,146
237,238,140,141
228,238,111,117
224,227,57,77
196,195,56,83
209,214,68,67
205,218,21,38
216,221,35,64
211,223,66,93
232,244,63,86
261,263,69,94
253,262,106,122
271,274,89,99
287,287,56,81
270,267,66,92
271,265,85,93
277,282,61,87
297,298,79,95
293,299,115,138
317,325,97,118
356,352,75,103
327,324,84,105
338,336,63,80
353,348,42,55
330,311,31,64
300,301,37,57
291,299,22,44
286,279,28,52
241,246,36,63
247,257,28,48
283,288,39,71
280,269,70,100
299,299,81,93
312,304,48,74
287,287,57,84
286,287,77,84
277,282,34,60
278,276,36,60
269,262,55,75
261,264,27,53
279,283,33,51
251,261,43,80
273,275,34,56
295,298,41,71
288,283,71,105
290,288,101,122
306,310,93,108
287,289,100,116
258,254,142,165
258,268,144,164
258,253,146,167
213,228,192,198
206,219,174,180
213,222,168,172
173,176,164,189
165,181,187,180
151,170,151,163
145,153,169,179
132,142,194,199
124,143,182,193
144,156,187,196
103,125,225,236
114,124,225,231
118,129,227,235
85,96,251,264
70,103,271,266
91,113,265,268
78,95,279,282
57,90,323,314
67,101,307,306
93,120,326,318
82,110,370,375
113,144,391,382
140,165,408,406
135,159,465,460
169,200,500,486
222,244,517,506
235,247,547,534
247,280,596,581
298,322,579,566
358,376,607,597
386,396,625,602
338,629,561,550
80,133,488,489
113,159,508,473
252,207,551,558
285,380,541,559
180,23,533,497
141,477,520,525
163,353,491,456
116,240,483,455
98,335,514,500
125,375,496,463
156,218,472,483
140,135,511,503
94,294,475,460
187,182,469,473
127,236,493,510
188,251,490,478
197,300,470,464
218,222,480,459
182,324,496,466
220,211,457,468
201,309,460,422
205,200,465,472
205,228,442,412
206,233,412,392
186,214,417,427
177,214,397,376
188,220,345,355
129,138,336,331
108,160,340,323
107,139,301,288
116,107,283,278
70,128,299,310
88,87,281,262
97,127,266,265
74,105,282,274
109,123,294,288
142,180,278,283
169,187,287,266
172,189,300,294
213,238,274,278
241,247,258,263
226,233,271,300
234,259,277,249
252,226,245,242
210,224,228,223
185,183,237,252
178,198,209,232
190,204,214,208
162,178,241,260
175,198,243,229
206,225,234,237
181,184,246,251
198,213,265,255
214,240,250,245
219,226,253,256
214,224,272,292
226,227,261,263
250,267,266,275
240,254,301,303
263,276,293,288
295,290,282,280
262,272,301,325
280,279,328,311
297,318,310,318
309,302,310,293
276,292,308,314
290,299,282,299
324,302,277,271
269,281,291,312
292,303,284,272
303,305,262,276
289,277,267,290
273,276,282,276
283,291,260,254
278,280,239,236
261,270,267,278
278,286,246,256
299,303,243,254
275,284,259,275
296,302,236,231
306,312,223,236
295,292,239,265
312,313,258,264
322,334,234,237
328,323,238,254
327,325,277,274
352,360,259,278
364,361,257,254
334,336,270,293
357,361,272,257
380,379,250,255
373,365,257,279
373,375,284,278
391,398,259,278
403,392,265,271
392,386,294,288
396,394,267,265
409,397,246,252
372,362,269,289
390,390,258,263
410,408,258,266
389,378,263,279
388,389,287,292
399,397,265,276
403,392,263,274
377,378,294,297
385,382,239,286
401,397,275,275
364,366,285,312
373,370,302,291
378,383,276,277
357,350,274,293
348,342,308,306
344,343,277,296
350,326,275,283
304,312,311,316
322,331,301,305
348,347,301,303
321,321,315,338
326,334,338,328
350,353,320,327
336,329,332,350
330,336,357,353
346,357,351,352
353,351,352,367
326,333,378,376
332,340,317,329
240,380,327,312
310,227,336,351
381,311,371,376
376,358,338,325
295,305,331,396
397,296,415,391
369,364,388,396
377,392,366,383
320,325,406,398
354,363,372,384
329,302,385,385
343,372,402,390
322,326,394,391
400,342,386,396
328,319,372,389
360,347,403,395
327,334,361,360
386,361,366,357
300,343,367,370
356,370,351,347
337,328,343,351
345,348,368,379
356,337,337,336
360,371,345,341
325,329,349,356
338,366,338,340
359,351,314,313
324,322,312,336
351,341,348,337
346,355,321,322
372,351,312,312
318,347,345,345
375,353,317,324
351,356,307,325
348,336,339,340
330,352,322,330
400,383,334,329
336,332,333,344
347,350,356,352
357,362,339,332
384,375,342,347
342,354,374,366
371,374,348,354
383,374,337,344
348,351,366,372
355,356,318,358
376,380,353,341
363,350,350,365
361,368,377,373
376,376,352,350
366,369,357,358
357,354,383,379
353,367,363,366
391,383,368,369
345,355,392,395
376,365,381,376
371,380,378,377
370,361,396,401
366,368,422,416
387,388,408,407
376,371,407,405
355,365,435,428
366,367,393,389
379,377,385,389
347,354,405,401
353,360,391,389
380,374,376,372
342,342,379,386
350,349,388,371
341,349,347,346
355,345,343,344
320,323,368,366
336,344,339,339
344,345,327,332
318,325,338,344
322,330,328,326
339,343,305,297
305,306,295,312
321,327,318,314
328,335,282,274
316,315,269,278
308,304,295,298
312,315,266,257
333,334,264,278
312,325,297,301
333,335,277,281
355,357,269,276
334,328,280,298
334,342,293,293
362,365,273,274
361,348,262,280
350,352,299,299
356,363,269,275
366,362,278,288
349,351,309,310
372,353,321,289
372,362,275,288
329,330,290,305
339,345,293,300
370,369,289,295
347,337,293,300
345,346,326,328
356,365,301,301
363,360,301,304
337,343,329,332
338,347,308,311
365,365,309,319
342,341,338,349
353,356,354,349
370,375,338,341
363,359,344,348
352,357,368,365
368,374,360,357
377,376,366,372
363,366,394,397
375,380,385,387
408,405,392,394
382,371,409,421
406,411,441,440
449,454,440,432
476,471,456,460
525,531,529,528
549,562,481,374
329,1023,354,305
118,125,353,371
86,324,308,275
246,422,361,383
318,423,382,379
136,205,338,348
227,431,310,365
184,355,321,318
147,289,329,398
248,427,340,347
287,310,350,347
261,265,376,373
292,286,357,341
265,506,358,328
298,282,347,365
284,435,355,350
345,408,354,342
347,444,355,386
385,338,405,371
362,493,350,379
397,365,356,361
345,431,371,362
380,344,351,355
381,425,337,314
334,336,329,342
348,361,343,323
326,374,301,312
326,303,295,290
288,293,312,314
291,330,283,291
308,300,268,283
267,274,283,302
265,309,274,268
304,273,263,272
272,287,278,291
279,289,290,297
311,323,284,278
314,315,284,299
307,321,330,303
311,316,281,291
323,327,278,298
296,284,313,313
309,314,305,333
330,333,315,307
316,309,340,360
323,340,362,357
356,337,338,341
338,331,356,367
335,345,393,390
350,360,367,371
361,357,375,366
328,351,385,394
345,340,362,363
366,372,352,350
336,339,372,376
340,345,373,360
357,370,345,346
340,343,346,356
348,340,379,378
351,359,370,344
343,342,345,355
324,331,374,366
341,353,349,352
372,365,347,355
335,353,365,364
355,364,341,347
372,374,329,325
355,347,326,338
353,361,346,301
367,368,317,321
369,363,313,313
347,354,341,338
363,366,314,315
376,364,297,302
332,334,320,323
336,327,292,296
349,355,290,292
322,321,309,321
335,342,305,306
357,362,301,305
354,343,306,314
351,355,345,338
349,361,312,314
375,367,311,320
344,355,345,340
362,369,321,334
388,385,323,326
353,352,330,339
357,365,335,341
384,384,324,321
377,368,320,333
367,369,356,353
382,389,338,344
387,366,335,337
357,362,367,373
374,377,355,360
397,395,352,360
366,374,379,390
386,396,386,379
405,405,372,365
380,375,375,388
389,393,403,397
408,413,385,381
408,402,387,384
392,391,413,419
400,405,397,391
423,417,398,404
388,396,419,413
403,402,418,408
428,427,416,406
403,388,423,429
405,401,462,448
384,484,439,429
263,389,387,395
533,490,422,414
500,325,398,365
360,375,351,391
322,287,370,367
315,335,357,367
273,259,386,370
288,288,390,399
275,332,383,367
393,354,389,393
355,368,376,374
275,341,404,397
410,341,369,367
353,289,365,374
303,312,386,378
329,284,368,368
372,364,355,355
322,283,356,353
316,311,356,359
297,294,309,310
370,304,325,306
263,288,322,348
266,305,316,303
320,299,305,310
323,320,314,329
289,293,307,297
325,329,289,312
298,297,302,307
305,332,294,300
317,325,281,282
318,309,289,307
340,309,306,293
345,342,276,281
318,319,279,285
302,305,305,310
329,310,288,293
330,348,275,292
315,323,312,318
307,323,299,304
377,363,298,304
313,321,317,330
342,351,334,323
353,356,308,313
368,368,313,316
331,352,343,353
356,366,333,324
386,373,323,329
365,371,350,353
360,367,332,333
385,389,330,324
371,351,335,343
368,375,353,349
388,391,336,341
392,380,338,331
377,377,359,363
369,380,350,339
399,407,342,342
356,360,369,376
370,370,360,351
375,383,350,360
360,362,378,390
370,373,400,398
379,383,378,374
359,355,380,369
352,356,396,401
362,358,369,367
365,369,370,375
334,346,397,400
356,363,383,377
382,369,366,373
346,350,388,397
359,362,401,391
376,382,385,381
368,361,378,367
338,348,386,383
360,370,360,355
372,360,350,357
344,350,381,383
358,369,370,363
402,388,351,350
365,358,342,354
354,363,361,357
372,382,341,338
396,393,338,342
369,371,358,361
380,384,334,335
393,385,313,321
363,361,319,335
366,368,334,337
376,379,312,317
387,381,314,323
347,355,330,340
364,363,313,311
376,377,307,314
349,350,324,334
361,354,324,319
379,382,304,309
356,344,309,314
356,368,350,349
374,384,332,335
392,373,332,332
352,358,358,360
367,367,339,340
383,387,337,341
354,362,372,377
375,379,360,360
390,393,352,357
377,369,352,362
366,372,390,383
385,387,372,374
397,392,372,370
378,375,398,401
390,389,380,372
406,404,377,377
374,370,400,406
395,396,400,404
425,422,406,408
418,401,418,429
418,415,461,454
449,458,463,462
488,483,479,492
503,512,532,538
591,595,547,526
227,240,389,392
0,967,324,330
326,656,336,319
222,0,320,378
296,369,381,343
233,458,381,358
156,67,322,314
5,697,324,315
58,465,350,334
143,313,357,326
200,408,358,376
188,481,407,403
243,345,380,380
284,371,365,390
240,329,370,375
304,366,398,390
292,371,370,400
339,360,390,367
311,394,390,396
360,356,393,383
362,432,380,338
347,332,374,396
332,404,375,356
354,383,330,355
327,341,334,336
300,293,346,334
309,330,305,330
295,308,298,302
259,292,308,320
263,271,281,280
274,297,268,259
239,259,282,288
275,256,290,283
267,322,262,273
272,254,279,285
267,290,312,307
288,309,293,300
308,316,304,304
294,274,319,332
285,334,319,314
326,292,302,293
289,316,324,351
316,318,348,313
331,334,317,335
329,331,338,337
326,334,360,352
327,338,338,351
348,355,350,330
328,330,380,393
347,356,375,379
373,380,378,385
348,343,396,405
355,365,396,376
381,375,369,376
364,356,376,385
355,365,403,394
374,374,381,377
372,364,385,383
353,372,408,396
369,371,376,387
374,375,378,369
346,357,396,405
362,358,376,378
371,371,371,354
336,340,371,384
349,347,380,360
360,360,350,355
339,339,352,375
340,336,371,353
345,347,336,344
347,346,329,328
336,331,354,353
342,347,331,336
355,356,303,305
311,321,330,341
332,340,329,317
360,359,312,319
329,314,322,329
327,335,330,329
349,353,306,312
326,323,309,322
317,328,334,315
336,344,305,311
348,331,307,314
324,318,330,320
323,316,298,315
343,339,307,306
301,314,330,337
332,335,316,333
357,357,319,316
328,320,317,343
334,338,337,325
348,357,316,313
346,344,303,307
326,334,327,330
329,336,305,316
355,352,315,324
333,340,344,356
355,357,340,333
370,362,323,327
340,335,335,357
357,355,349,347
367,373,331,326
346,342,326,338
347,354,363,353
363,370,337,333
365,360,334,344
346,359,372,361
367,370,352,355
381,380,338,337
352,351,360,373
366,372,374,371
384,378,358,358
353,401,371,394
371,342,397,378
432,387,354,345
460,349,322,347
394,304,368,371
367,328,349,333
312,332,331,362
292,230,374,366
343,280,396,390
413,241,382,364
327,345,370,360
370,370,393,394
356,322,354,363
395,379,354,354
289,313,393,375
324,337,352,341
323,307,356,364
363,319,393,380
300,329,361,367
365,355,351,342
333,312,338,355
343,351,358,358
307,338,328,326
359,337,329,328
337,321,345,340
345,356,323,326
353,354,294,310
336,329,331,337
352,343,318,318
357,380,313,309
341,324,322,325
363,361,330,330
397,377,322,311
342,361,313,327
364,358,338,336
361,371,306,299
367,367,300,320
327,338,323,333
382,375,320,319
378,360,307,298
339,350,324,333
343,351,338,325
384,372,312,315
362,348,307,334
340,351,354,348
346,353,318,328
370,363,329,330
353,351,358,358
353,365,340,346
368,365,333,350
345,388,378,374
370,362,357,354
365,375,355,356
363,351,364,370
366,365,387,385
374,380,365,364
364,360,360,370
359,358,401,398
365,373,378,378
367,362,370,383
321,341,396,382
348,349,364,358
367,355,346,352
328,332,367,374
335,345,371,371
369,369,349,344
342,319,338,333
310,328,372,343
325,339,351,350
355,349,348,352
315,326,372,372
333,339,347,341
332,338,332,337
308,302,345,346
310,318,337,331
329,341,324,328
322,314,329,335
326,334,349,351
344,348,314,318
332,332,319,326
318,327,344,343
343,351,320,311
353,349,308,308
318,321,323,327
332,337,307,315
358,358,310,314
330,324,328,328
332,340,310,312
357,356,297,301
331,329,313,330
347,346,330,329
349,363,312,319
358,353,324,316
333,336,343,351
345,350,335,329
364,365,333,336
344,349,358,360
356,358,349,346
378,378,343,347
344,347,360,365
360,365,369,365
381,379,350,353
359,350,359,373
358,366,388,384
375,374,367,367
366,363,375,378
360,355,404,405
363,371,384,385
387,386,389,393
363,367,424,421
383,387,416,401
403,403,406,410
390,388,434,437
405,409,456,439
443,442,444,448
433,424,453,481
469,469,516,505
525,531,508,515
599,569,532,508
460,309,505,502
0,1023,325,330
292,581,309,319
255,0,371,397
340,347,428,378
246,497,370,353
272,28,383,372
81,442,380,367
149,523,340,365
216,354,376,363
216,364,405,398
236,472,399,402
300,397,378,398
304,336,409,440
259,383,416,402
350,367,400,409
327,400,401,420
346,401,434,441
363,459,408,420
409,385,418,397
333,475,417,409
367,291,386,401
337,483,375,351
303,312,366,393
305,337,383,343
305,285,330,313
283,307,311,324
233,263,324,315
241,266,278,307
238,237,269,270
198,233,285,290
216,232,266,267
253,249,258,257
212,244,262,283
231,216,268,260
244,282,265,265
258,254,268,257
249,266,290,290
263,270,271,285
287,317,281,293
268,264,303,305
288,312,297,298
315,311,296,293
298,301,314,330
304,312,327,326
326,329,315,303
326,325,317,338
316,324,356,336
324,326,331,345
345,342,346,349
316,335,378,376
344,341,363,367
361,367,365,352
325,327,384,388
329,339,390,373
357,356,365,375
338,339,380,381
336,337,397,385
343,363,367,364
354,342,370,360
320,331,389,385
336,347,358,363
345,354,351,359
318,322,380,360
311,338,339,342
331,319,328,319
289,289,335,336
306,314,335,342
334,346,330,321
324,322,323,334
316,325,347,331
327,334,306,301
328,328,288,306
305,314,325,322
325,330,301,312
344,338,300,295
311,318,313,323
328,321,298,276
311,320,255,266
295,294,266,292
310,314,309,308
329,346,289,294
344,340,295,305
327,336,331,338
345,350,309,322
365,360,298,307
314,321,321,319
334,341,315,320
358,360,313,316
352,348,310,330
347,347,347,344
347,353,313,307
350,348,310,329
336,332,344,338
326,335,311,322
353,358,320,332
325,333,346,356
338,347,340,338
366,368,334,327
339,331,333,352
344,341,357,355
357,365,343,344
365,349,337,336
334,344,356,355
340,341,336,338
363,362,337,345
334,347,368,363
347,351,344,349
368,373,345,343
341,336,352,352
336,341,366,370
346,357,352,341
358,352,356,357
333,337,388,373
345,351,370,370
377,353,392,378
372,325,382,407
278,330,304,377
509,353,339,336
312,281,346,355
364,311,387,383
315,304,343,351
397,352,321,352
316,274,382,371
309,308,375,366
519,349,359,362
313,335,370,395
360,338,398,382
335,340,377,372
425,349,376,378
286,330,392,403
331,316,384,385
324,352,376,376
335,311,400,393
312,306,383,373
350,360,372,369
365,338,374,367
291,323,399,404
353,335,378,370
336,337,365,374
321,322,372,374
315,339,365,355
381,353,341,343
318,319,332,335
328,335,353,354
314,334,326,326
359,349,328,333
336,346,360,365
344,356,337,339
354,352,331,340
345,333,362,362
338,354,339,330
358,357,332,335
339,307,327,337
341,343,347,346
353,355,327,320
333,337,326,336
334,335,355,357
349,361,338,341
356,348,341,342
326,339,366,375
353,347,351,348
359,364,334,345
331,325,350,350
331,330,366,352
343,349,345,347
341,342,349,351
331,340,384,382
343,344,362,363
359,365,358,376
336,330,361,369
337,346,384,386
365,369,368,364
365,357,364,359
344,343,388,388
347,355,367,367
364,369,365,365
328,323,387,384
349,352,388,390
355,362,373,378
352,344,374,372
330,333,395,393
333,346,377,365
358,355,364,361
324,332,386,389
347,349,385,372
355,360,361,370
348,342,357,354
320,327,375,374
323,332,352,351
339,344,351,352
324,331,373,375
332,336,345,344
354,359,338,344
324,330,356,361
350,342,347,342
365,368,324,324
348,340,326,332
339,334,340,328
355,362,322,323
362,360,310,315
340,343,331,334
345,349,305,305
369,365,299,309
339,342,324,322
349,354,304,308
379,374,298,308
359,356,301,317
358,347,317,315
360,372,300,310
372,353,301,302
346,354,323,327
356,358,296,294
362,360,290,294
332,338,316,330
359,359,313,304
381,377,301,308
349,342,312,330
363,365,336,327
374,384,316,323
377,373,321,323
363,370,353,358
371,375,331,333
385,380,320,326
354,360,354,361
379,383,347,349
407,400,351,359
376,379,383,390
394,388,377,369
389,414,361,366
400,392,378,389
403,395,406,393
409,413,399,383
426,420,396,396
404,401,435,436
420,425,430,435
464,462,461,457
453,443,486,491
494,497,496,490
570,573,517,526
587,632,534,534
509,567,506,485
0,841,287,316
12,645,296,269
309,317,402,432
348,349,420,401
228,423,357,363
234,354,366,405
168,231,357,345
179,341,339,362
251,384,394,417
284,334,418,402
334,360,404,410
355,256,427,407
279,556,431,412
352,345,402,416
340,459,405,405
354,384,437,444
393,479,417,435
424,403,408,385
353,430,393,414
360,337,380,386
352,456,369,349
332,315,340,370
308,289,352,317
296,341,306,303
282,284,299,306
218,215,249,269
224,230,249,232
195,233,262,278
212,221,254,250
245,262,240,264
230,256,263,261
232,218,289,259
244,289,251,256
252,252,267,256
256,261,299,307
276,303,285,288
306,312,290,283
277,293,315,313
306,328,291,319
334,322,305,303
312,311,307,341
314,336,352,348
350,343,330,314
341,351,328,342
341,338,370,340
345,349,325,353
366,364,335,329
334,347,365,359
356,347,358,358
377,388,357,351
359,344,373,404
362,372,390,384
382,388,372,381
360,356,380,392
345,353,412,396
366,375,391,380
365,356,375,373
338,353,414,398
357,361,374,381
377,371,353,371
338,347,389,383
353,359,370,379
372,374,364,344
347,344,351,370
335,333,365,354
346,355,340,331
356,359,332,345
344,350,364,347
350,360,329,343
380,377,328,318
337,342,343,350
360,361,339,327
380,382,321,324
363,354,324,351
366,360,348,340
380,384,327,337
384,380,338,337
372,377,362,359
388,399,340,347
403,392,342,351
364,370,367,365
374,377,346,330
391,385,327,331
350,349,339,342
367,366,333,336
377,381,314,303
373,365,302,312
358,370,327,318
368,376,298,296
380,373,287,299
318,347,312,313
349,354,290,302
370,370,298,288
341,344,300,310
349,346,315,307
361,362,297,312
350,347,307,313
341,350,334,335
354,357,316,324
370,371,320,317
348,355,354,363
367,374,348,357
393,385,350,360
367,377,397,403
393,388,393,393
419,407,393,389
386,384,413,423
396,388,429,429
407,406,419,410
406,398,428,438
384,387,469,458
381,382,441,423
346,376,436,396
283,351,419,404
393,379,411,423
347,325,417,401
294,347,388,438
390,313,416,407
410,381,379,405
293,271,404,395
321,316,431,422
304,359,388,365
352,320,402,396
297,334,412,396
279,325,369,368
319,321,356,362
310,311,379,373
282,307,352,365
308,317,341,340
307,277,330,339
273,324,358,371
306,335,326,314
300,306,322,327
326,295,336,327
308,316,299,298
312,311,291,304
286,316,330,320
327,341,300,289
342,338,287,298
333,322,324,312
323,341,308,314
387,364,300,304
331,329,331,336
351,355,332,332
356,368,324,330
384,360,341,343
348,368,362,357
365,379,335,336
372,372,333,345
368,362,369,368
361,361,346,342
394,380,343,349
356,347,362,360
374,380,361,370
392,384,350,349
367,359,350,352
372,365,383,380
387,412,385,385
417,419,410,416
417,423,463,460
464,456,462,463
471,475,471,466
464,453,492,499
476,472,513,496
486,474,494,490
482,467,501,492
469,477,535,526
488,479,515,505
493,490,513,513
454,460,553,537
466,465,535,520
482,472,521,514
435,425,531,521
439,433,533,521
437,444,508,493
432,414,482,476
379,395,514,506
396,403,496,469
407,407,480,473
376,384,497,485
374,385,478,464
403,397,455,445
363,362,465,461
367,375,476,460
370,381,444,440
381,374,444,439
368,374,466,456
376,386,440,433
391,389,425,423
364,373,446,432
380,375,413,413
385,391,397,395
399,366,400,401
382,375,398,399
399,406,385,381
394,385,384,384
395,398,414,411
412,418,387,380
419,410,381,384
398,402,406,404
411,407,373,359
416,418,357,367
384,380,373,380
389,387,363,358
415,414,354,358
409,392,361,370
395,396,384,381
416,420,369,369
435,426,375,366
414,420,401,402
437,439,385,384
458,449,382,385
425,428,408,415
446,436,409,397
454,450,397,401
432,422,412,414
435,430,442,441
452,456,399,431
455,420,434,427
432,422,464,459
438,437,454,447
464,456,457,465
450,456,512,507
483,480,505,501
518,512,514,515
510,502,555,555
538,524,581,566
590,584,588,580
600,589,625,626
629,623,691,679
696,694,727,726
771,756,805,763
645,1023,669,666
441,795,522,468
314,77,549,577
196,170,556,538
313,354,637,643
457,520,669,692
378,270,687,666
362,774,702,706
426,589,704,665
428,553,702,674
460,654,752,749
523,586,763,726
560,568,752,737
556,461,773,733
483,750,770,736
572,547,741,738
529,643,743,724
556,576,762,740
493,619,695,688
531,465,678,642
449,482,678,657
456,450,629,633
447,448,602,560
370,390,571,578
364,353,563,499
353,333,507,492
301,358,491,481
286,319,478,458
309,314,439,455
287,303,443,421
285,283,449,449
290,336,423,405
320,329,406,413
290,301,425,436
302,318,411,383
303,331,388,388
297,272,400,376
279,324,392,377
296,290,367,373
288,295,360,349
256,253,387,380
259,283,363,364
287,276,358,351
248,258,374,401
256,257,374,359
264,282,357,356
259,256,373,379
260,262,399,373
259,278,370,392
279,285,389,374
260,275,415,419
277,274,410,399
297,307,408,398
274,288,440,453
295,305,439,419
310,326,408,419
302,307,415,408
294,307,433,413
327,346,413,410
323,314,415,414
321,330,444,436
335,343,413,415
341,339,419,411
330,336,442,424
344,362,415,413
370,362,397,385
347,347,410,422
349,357,389,395
366,368,379,365
344,344,376,402
348,353,390,355
350,353,335,353
335,331,334,342
313,321,360,352
315,326,323,325
319,323,309,300
288,294,324,345
301,308,319,320
331,318,301,309
294,297,320,336
307,318,333,326
318,328,309,315
320,306,306,317
290,298,337,337
300,306,302,312
309,315,303,298
282,296,318,328
297,305,310,313
311,315,291,285
290,289,301,327
290,290,330,310
297,310,291,296
287,287,261,301
271,274,322,314
263,276,292,305
278,283,296,292
246,260,311,325
255,261,304,303
269,279,294,298
238,247,307,321
253,263,327,316
270,284,309,311
269,274,316,316
261,274,334,339
272,284,324,328
294,299,319,311
257,274,340,331
273,279,322,320
298,305,320,310
283,279,331,355
286,299,366,349
298,314,342,335
300,299,342,354
283,305,389,370
295,306,365,379
320,315,386,372
275,290,369,381
249,271,366,350
331,430,315,338
362,307,365,354
316,327,344,300
334,282,310,327
421,311,340,334
258,280,373,361
282,319,334,331
279,279,342,351
329,368,405,339
249,274,386,390
347,320,385,366
322,287,379,393
368,346,400,395
270,289,362,360
329,290,370,377
335,288,405,379
286,322,373,397
307,297,371,368
282,318,395,390
299,300,366,359
278,309,342,356
291,274,352,364
271,289,369,351
300,310,323,327
265,283,325,328
271,291,333,321
282,289,298,299
292,281,300,298
255,274,319,328
296,297,295,301
291,288,288,291
266,267,299,310
255,279,292,303
320,292,283,287
283,275,297,318
287,303,323,325
295,312,307,304
325,312,299,312
288,296,335,328
299,303,312,312
307,308,304,311
295,298,346,350
317,323,331,343
328,334,331,330
304,293,346,344
323,322,344,343
323,330,335,340
323,321,352,354
321,316,376,364
325,331,354,349
356,339,359,365
311,326,395,398
347,344,365,367
348,355,364,365
330,330,376,381
333,341,392,388
368,372,380,378
354,347,389,397
340,350,427,416
352,361,397,390
370,364,386,379
322,334,406,395
339,340,365,366
343,347,365,358
335,338,397,395
344,358,370,362
363,368,365,365
346,330,370,381
348,355,396,392
361,368,368,362
344,346,363,359
337,338,383,386
347,356,360,348
362,359,350,350
336,336,372,371
347,349,339,339
361,357,327,333
330,332,325,336
336,342,327,329
359,359,313,306
347,342,310,321
347,348,349,346
357,363,311,324
367,363,318,330
334,334,341,342
345,348,329,319
370,368,324,328
349,345,341,352
353,359,358,356
378,384,340,342
378,369,342,347
359,369,376,376
372,368,357,350
377,371,337,343
348,353,372,379
362,370,362,359
386,378,349,353
359,349,360,371
364,368,384,380
377,384,367,364
373,365,362,364
355,363,393,391
366,374,374,371
381,378,375,379
352,359,405,400
361,364,388,375
374,378,377,381
360,345,391,402
365,360,404,399
372,379,398,400
378,374,398,394
350,362,433,429
376,381,416,415
398,397,422,428
379,379,467,470
413,416,480,470
454,457,495,494
459,455,548,553
499,500,591,563
554,563,590,579
559,607,564,541
411,751,536,436
107,154,391,395
118,208,354,332
262,289,456,471
343,438,441,454
202,290,367,392
183,411,376,429
180,307,384,353
170,293,327,341
204,366,361,382
235,291,398,380
260,292,372,368
310,238,377,336
216,504,391,387
289,310,377,367
305,448,379,356
311,376,394,408
371,428,436,404
359,379,382,351
376,323,354,370
315,317,386,353
323,405,342,355
324,380,330,319
292,338,319,344
308,307,323,344
310,299,300,287
271,327,271,297
269,247,303,291
251,309,250,276
281,269,260,270
245,269,295,295
273,309,292,283
309,291,284,276
291,314,294,321
311,293,335,312
303,316,291,297
316,318,315,295
314,337,349,346
344,346,338,348
372,395,343,357
353,329,378,372
353,395,371,369
387,367,363,355
364,368,377,396
382,380,403,409
391,405,393,376
382,371,386,414
383,405,468,429
401,386,425,427
420,418,437,446
399,405,470,452
411,407,452,455
432,434,464,445
410,413,488,484
426,417,500,482
437,444,486,488
434,427,500,496
422,411,522,503
424,438,495,481
436,419,486,469
392,402,518,514
416,410,500,495
431,424,497,490
384,391,516,506
406,411,520,513
419,419,506,490
409,410,499,510
400,393,536,523
407,415,508,513
420,424,497,502
397,404,533,511
414,416,499,503
428,425,491,484
394,394,514,503
406,424,504,490
426,430,484,467
404,397,488,494
408,413,506,496
421,425,479,475
417,409,479,473
394,403,507,493
401,411,480,473
422,419,474,479
385,394,507,504
399,401,493,484
411,412,485,471
375,372,484,477
377,385,504,502
381,394,488,478
390,388,488,484
374,384,517,507
383,389,475,474
392,395,493,491
370,378,526,517
390,402,508,506
427,430,518,511
414,410,538,537
430,434,562,544
452,454,541,529
446,439,544,536
428,425,572,553
437,438,551,536
456,453,543,533
426,434,571,563
445,445,570,553
464,468,562,551
455,449,582,571
466,468,617,629
482,489,599,584
494,493,609,607
479,483,652,635
491,492,627,600
507,500,629,617
473,477,658,641
491,487,651,637
515,516,656,643
494,489,694,684
522,522,729,719
597,542,774,775
471,552,751,679
681,478,666,704
849,232,604,602
876,523,685,661
719,485,743,694
617,474,687,726
418,324,780,772
358,330,885,854
641,365,921,888
467,474,962,948
628,495,990,940
496,473,995,954
566,540,978,936
541,496,991,954
513,506,984,946
486,477,988,940
647,560,971,957
504,511,1000,969
541,536,975,941
587,546,969,939
591,553,978,951
510,524,971,937
540,531,926,880
552,519,897,863
495,489,910,864
465,475,840,793
488,470,791,763
453,423,772,749
392,425,742,711
413,391,689,665
384,400,666,640
385,388,671,641
352,385,617,594
393,389,600,590
397,395,622,606
389,398,589,571
383,420,582,571
418,395,605,591
405,419,583,561
409,411,562,559
386,389,567,554
414,403,598,584
430,428,571,549
410,414,563,550
405,402,592,583
428,424,570,550
421,418,551,547
375,391,586,569
375,390,554,542
405,408,544,531
377,374,556,554
367,384,563,546
377,385,538,520
379,369,538,531
376,374,561,539
358,377,523,512
359,355,523,511
346,348,544,531
346,349,513,491
317,327,485,482
273,286,493,486
265,268,440,426
263,264,405,406
219,254,447,450
279,299,464,436
329,339,452,454
338,339,486,488
346,359,510,494
369,375,475,469
362,343,469,461
349,358,503,492
351,362,470,460
382,380,467,461
366,376,487,479
378,379,463,449
380,389,435,429
368,365,442,444
389,384,444,429
395,402,403,394
379,379,403,395
392,380,421,417
388,396,386,382
385,385,366,362
357,365,379,384
368,382,340,324
360,347,293,299
308,319,302,315
317,318,288,272
320,321,238,246
288,286,224,221
261,269,231,237
268,276,181,192
255,259,162,177
231,241,187,202
222,232,147,158
234,241,129,149
219,224,152,180
232,236,166,169
245,253,141,147
245,241,134,149
224,240,167,180
228,228,131,150
249,250,133,157
224,230,166,192
214,238,163,168
256,264,166,182
260,246,182,200
250,264,225,237
267,277,211,221
290,293,222,236
271,282,268,282
297,306,269,284
328,336,297,310
325,336,355,369
369,377,383,380
405,413,409,406
430,427,456,465
479,484,540,544
543,543,577,565
586,578,613,605
607,590,623,608
555,401,584,536
0,918,407,406
0,738,430,391
305,255,435,453
318,276,491,471
192,357,476,463
281,58,456,449
93,433,430,423
125,458,419,446
189,321,470,456
202,312,441,430
224,390,437,436
209,266,446,435
231,339,421,426
248,264,405,382
208,317,421,407
238,312,437,411
287,339,426,415
286,313,427,408
314,280,450,456
278,365,417,381
331,310,386,387
281,318,415,403
312,365,379,371
320,335,349,378
281,246,354,350
250,301,331,321
239,214,285,269
170,196,268,262
157,194,267,273
152,161,231,234
154,177,238,272
174,224,295,288
233,223,295,291
268,292,317,314
267,295,347,336
282,272,304,309
291,314,310,317
282,281,343,341
302,305,348,331
327,341,334,336
328,320,347,349
334,346,389,412
349,370,382,363
374,356,378,390
353,377,423,430
382,371,416,415
387,396,408,435
382,376,434,424
390,389,463,463
398,408,455,439
409,408,446,465
387,391,504,497
400,399,486,477
410,411,494,488
393,391,545,520
399,406,513,517
378,400,493,484
364,360,491,502
368,357,500,477
363,371,466,456
364,363,470,459
346,355,488,488
352,353,459,442
356,364,441,432
318,330,464,452
334,346,442,412
349,348,409,422
327,327,426,409
327,334,411,403
336,337,377,372
324,309,382,359
312,316,388,393
321,332,363,354
333,330,363,373
320,329,403,396
334,344,374,367
352,347,361,351
320,327,379,382
341,341,380,370
346,350,349,347
340,328,347,347
321,328,380,374
327,336,344,346
336,334,339,345
310,320,361,364
328,330,354,339
335,341,335,346
324,312,357,360
315,330,365,364
317,329,343,346
335,331,355,346
319,325,386,393
324,323,360,343
325,327,343,358
304,317,385,390
323,325,378,364
338,343,362,364
325,326,376,383
332,336,407,401
329,344,374,360
341,339,363,374
327,325,405,396
335,346,381,376
344,341,370,384
312,331,406,418
336,343,400,397
354,358,389,392
336,338,415,419
342,353,430,408
359,365,410,419
355,353,427,415
346,348,450,443
343,354,421,422
351,352,439,424
329,339,478,476
337,341,471,466
345,346,448,464
308,297,467,466
232,377,412,352
432,66,409,418
481,354,436,422
292,319,415,392
466,283,409,415
429,243,437,433
367,289,493,471
403,284,460,439
382,328,495,497
275,301,514,523
524,414,522,501
474,386,494,473
338,350,498,522
359,337,520,489
369,382,478,475
375,305,479,460
311,320,501,493
349,320,457,437
353,333,455,486
320,328,478,479
279,311,464,427
401,348,415,404
288,306,422,417
306,319,442,431
296,319,405,395
339,303,393,397
330,312,416,413
304,304,381,373
306,303,366,364
315,298,395,388
265,299,363,359
293,307,354,351
281,282,340,353
287,279,362,343
266,283,337,338
279,287,333,326
286,274,346,354
262,264,329,321
266,289,312,312
251,250,332,334
277,272,335,322
243,276,302,300
257,254,306,308
239,250,331,338
233,258,304,303
234,245,290,298
225,227,319,318
225,226,293,294
218,239,282,285
194,194,303,313
208,221,321,318
220,239,301,304
213,225,321,324
220,226,348,340
224,244,311,322
236,245,315,315
181,220,352,347
210,218,314,317
212,227,296,299
185,191,300,313
179,198,314,291
202,206,257,269
188,201,272,269
171,199,285,292
183,198,264,254
192,199,244,254
166,184,276,285
180,205,270,267
211,213,248,237
175,213,237,248
164,186,271,262
162,181,216,213
175,170,195,210
135,159,221,224
149,165,189,197
170,185,172,170
142,143,174,194
136,157,167,161
143,163,133,144
144,138,127,141
121,139,147,153
124,140,116,138
151,154,108,122
111,118,120,140
92,107,93,97
110,120,76,86
120,135,116,142
153,161,136,130
172,180,114,137
185,188,132,140
185,203,174,184
214,216,152,167
226,245,155,179
215,224,184,197
223,230,151,160
226,235,131,142
206,210,133,154
221,224,140,149
220,231,105,125
216,221,113,134
207,214,125,135
205,215,91,116
213,213,93,114
189,204,115,131
203,214,103,121
235,240,107,118
220,223,130,163
241,245,149,160
262,274,131,150
264,277,157,178
281,288,206,218
304,303,188,195
327,325,197,218
321,328,257,266
350,360,250,264
395,396,277,293
414,410,333,350
457,458,387,412
521,528,405,428
557,534,394,363
449,253,355,333
0,959,200,213
147,863,190,161
377,201,263,284
344,297,313,288
239,415,265,252
323,54,250,274
107,467,264,256
165,517,220,263
252,376,261,277
269,364,302,303
285,462,293,297
324,342,282,279
305,503,314,338
328,347,304,300
346,460,310,303
351,402,329,334
384,432,366,348
389,408,321,312
417,358,306,337
358,420,328,299
373,350,261,275
352,368,237,244
303,373,250,258
318,334,217,261
336,300,208,204
290,320,187,227
283,261,211,194
267,312,166,182
281,275,164,188
244,255,186,193
251,263,156,180
269,259,154,147
250,283,158,183
242,240,157,164
255,262,133,168
242,251,152,168
227,230,171,178
242,242,153,168
257,288,164,187
235,219,193,198
236,263,167,173
260,266,169,173
244,245,197,204
248,259,195,230
271,283,184,181
260,246,187,220
260,275,234,212
265,273,199,209
294,295,207,231
270,289,239,247
293,288,224,241
305,318,215,204
294,273,220,238
277,283,246,244
292,305,219,241
288,283,232,233
260,257,254,252
237,263,222,229
250,243,220,232
209,228,251,270
229,234,230,243
251,262,232,238
222,211,229,238
234,245,234,241
245,251,203,207
252,260,189,220
241,254,228,227
259,267,181,194
255,265,170,189
242,249,195,193
260,269,173,191
290,283,155,154
277,278,158,184
274,276,185,188
287,292,148,147
297,287,144,172
287,295,179,190
310,310,145,165
331,334,152,170
312,313,175,203
335,335,184,194
356,357,166,171
351,339,167,182
342,346,201,212
359,360,177,181
365,356,160,194
336,337,197,198
332,338,176,188
365,362,178,189
335,337,196,214
368,366,217,240
392,394,210,212
398,386,208,232
381,378,241,245
380,379,211,225
392,386,205,225
352,353,230,242
354,358,219,228
370,368,210,220
317,333,207,239
334,336,250,254
352,359,239,267
366,358,248,257
347,349,288,284
353,358,268,276
359,366,266,282
345,341,288,290
347,349,293,297
372,364,269,273
357,350,284,299
348,343,319,326
340,345,295,297
360,357,293,309
325,327,317,320
321,326,313,321
337,341,304,308
329,326,312,332
233,343,330,306
340,180,285,296
635,449,296,294
401,372,294,261
453,240,255,283
480,289,232,225
266,161,255,288
207,219,290,266
196,199,260,269
247,305,284,290
219,184,335,349
312,302,322,320
361,264,313,324
339,286,353,360
253,275,324,321
291,299,328,344
237,270,351,349
315,281,351,341
283,311,333,337
291,290,352,352
322,270,361,357
331,330,330,334
272,281,334,338
287,309,361,359
350,311,332,318
331,340,323,338
287,293,362,351
295,309,327,332
361,322,324,325
312,318,350,358
285,319,329,348
326,326,329,330
282,274,332,341
305,294,345,335
309,325,313,314
324,304,322,319
338,323,347,347
306,321,332,327
328,336,320,338
322,315,358,358
346,338,333,327
312,325,324,320
310,305,333,344
317,319,355,354
333,346,339,339
322,332,340,351
328,329,373,371
343,338,347,349
341,357,350,353
325,330,376,380
339,335,365,357
349,352,357,361
325,334,379,391
349,348,400,388
361,368,379,382
346,351,387,382
318,341,417,421
368,361,406,398
374,376,399,398
335,345,436,440
342,351,421,402
379,373,394,401
341,339,401,406
337,344,409,403
343,351,389,382
363,352,385,379
322,323,401,403
323,333,381,376
349,349,369,369
312,320,394,397
320,331,383,373
336,342,356,355
325,319,363,369
321,327,376,367
315,323,339,344
327,316,340,342
313,321,372,364
312,318,335,334
346,336,331,333
319,313,350,355
326,325,335,324
336,337,317,326
326,325,327,326
321,325,348,349
329,342,326,321
335,324,319,315
316,313,338,339
323,331,322,323
348,348,304,312
310,326,345,343
341,342,334,315
359,358,315,316
335,337,330,344
339,344,357,352
353,362,332,334
349,349,329,335
329,340,360,365
345,352,344,347
371,366,339,338
335,336,358,370
346,355,353,351
377,365,345,354
365,351,361,361
348,359,390,377
363,371,365,365
371,367,365,361
352,358,362,402
364,365,381,373
383,379,371,372
357,365,403,414
388,372,395,385
398,400,395,394
376,371,402,412
380,380,429,421
395,400,415,417
423,418,444,438
430,432,496,489
465,472,498,497
518,516,536,529
536,537,586,597
553,602,562,538
499,464,492,464
0,795,381,406
0,743,382,344
150,296,348,356
173,248,377,375
101,371,379,375
185,41,346,355
101,346,338,337
78,381,346,376
172,278,355,362
214,301,346,341
189,316,367,361
207,238,365,336
225,345,338,343
231,246,344,337
216,310,369,361
248,293,332,311
264,307,324,324
223,294,344,338
285,245,323,339
270,348,306,297
285,255,302,315
264,291,323,312
285,339,294,286
303,306,287,312
287,262,323,304
288,312,274,292
304,286,277,263
262,303,290,303
292,294,275,285
303,316,272,276
296,294,290,313
308,301,310,282
302,316,273,289
303,319,288,293
294,311,317,332
316,324,293,297
328,337,293,302
312,307,324,333
321,348,302,318
345,334,298,310
306,314,306,326
308,308,325,330
318,333,314,301
335,331,311,339
313,331,352,350
327,328,328,331
339,342,325,336
319,327,366,344
336,340,330,349
344,362,334,332
332,342,364,389
348,350,373,376
364,359,357,358
337,326,380,399
348,350,408,386
358,362,373,380
352,346,378,385
332,334,403,397
337,350,360,359
348,337,356,349
312,319,373,372
329,335,351,355
355,355,332,337
316,320,345,351
331,340,339,349
353,356,328,321
337,331,330,343
327,341,345,346
350,356,320,316
355,350,314,314
330,341,332,327
342,345,297,306
361,350,296,291
324,335,313,326
347,349,303,308
363,366,290,287
342,338,295,308
344,344,318,311
350,354,287,299
354,349,290,290
320,332,313,318
342,347,297,291
361,340,284,298
328,340,323,324
349,350,307,314
375,372,305,316
349,346,309,325
353,356,325,328
350,357,297,289
355,351,297,302
344,350,343,341
360,364,320,325
380,376,316,320
341,346,344,343
356,357,333,336
373,375,320,321
349,348,332,351
357,359,344,342
376,375,325,328
357,346,334,346
349,355,353,349
362,366,333,339
369,364,333,336
353,360,365,368
358,360,329,326
367,364,325,336
343,351,359,357
358,351,334,334
379,381,328,341
355,350,345,351
365,366,353,357
378,375,328,326
361,356,333,339
362,354,380,390
435,456,388,301
537,11,375,409
676,401,414,397
424,383,341,350
614,352,328,331
363,253,358,350
278,243,344,334
278,254,346,355
383,316,390,366
244,257,403,405
359,342,383,374
408,323,369,365
356,338,400,407
323,305,373,364
364,326,357,370
357,347,392,363
307,338,358,384
334,314,358,356
356,343,372,381
391,356,387,376
321,346,367,367
350,326,353,361
365,336,382,384
344,328,335,339
313,349,335,330
383,348,360,366
346,346,331,335
356,351,321,324
335,330,315,321
399,367,344,349
344,361,325,330
373,369,321,334
378,359,345,346
355,369,333,337
374,376,315,325
364,355,344,345
396,364,330,330
363,377,320,323
348,361,325,330
364,365,355,356
382,377,326,315
371,369,326,338
347,363,358,365
368,372,339,337
405,382,332,332
322,332,342,345
342,342,347,342
376,368,335,337
359,361,342,352
342,352,375,366
367,364,346,344
371,358,331,333
323,339,364,364
327,339,346,348
369,357,340,335
322,331,357,363
343,347,356,349
347,355,342,352
330,331,370,375
341,368,369,362
351,358,340,349
326,327,344,316
314,321,353,350
326,330,317,319
318,315,314,324
289,302,346,346
296,303,318,321
321,325,316,318
290,291,331,338
301,303,330,328
315,313,299,307
296,299,301,308
274,288,325,323
293,320,288,294
307,309,286,291
276,292,312,324
298,306,298,290
314,311,273,281
277,279,285,296
284,293,293,280
302,310,255,265
300,293,265,269
281,289,294,303
290,305,277,280
321,319,267,278
296,301,301,303
299,308,280,285
323,326,279,289
297,301,305,311
310,316,299,296
328,333,287,283
311,308,290,303
319,318,321,317
325,338,300,296
322,321,293,299
307,320,327,331
333,332,307,307
349,347,303,311
315,321,332,341
335,337,314,323
358,360,316,322
322,322,323,347
325,328,346,341
340,351,314,321
346,338,331,331
325,330,351,356
333,337,336,337
364,359,337,344
333,338,366,374
351,358,352,355
374,376,353,358
347,347,377,381
372,376,382,375
401,406,373,374
390,389,390,406
423,423,432,415
463,478,427,433
506,500,478,483
567,574,569,567
469,1023,457,464
298,1023,332,361
380,313,452,400
243,54,383,416
310,268,406,389
248,342,422,424
263,394,361,343
75,752,357,357
59,471,361,352
132,294,396,351
193,350,368,370
196,377,396,400
236,234,411,395
255,492,383,403
276,310,386,366
246,382,399,373
264,346,384,355
319,380,389,371
307,304,422,413
359,365,405,427
361,385,399,373
333,350,387,391
322,298,367,358
311,385,338,324
308,324,320,353
298,285,346,336
286,344,304,318
307,278,303,294
256,305,321,323
266,285,289,286
275,278,275,266
256,247,267,288
252,254,288,270
272,273,259,272
256,274,249,269
256,271,282,292
268,268,258,278
289,309,268,276
279,272,307,303
286,313,275,289
322,309,266,277
277,289,298,314
307,318,295,312
324,341,294,279
314,298,288,315
302,335,337,323
329,317,307,319
335,339,313,335
311,321,353,333
324,329,315,332
345,354,330,327
311,333,348,357
322,302,343,334
326,345,342,323
322,320,346,344
312,320,373,352
321,335,342,349
338,331,348,348
307,327,376,377
327,324,367,358
345,351,351,351
330,328,355,370
333,330,378,373
325,337,350,346
344,339,350,358
310,307,374,366
308,328,345,363
332,325,340,330
302,304,337,347
302,307,358,344
316,319,323,318
307,313,312,319
286,286,341,332
299,312,317,320
323,326,308,311
293,304,336,341
307,313,311,324
329,336,295,298
300,297,312,328
310,324,322,304
319,323,278,284
319,310,282,299
310,306,311,309
313,326,279,278
321,306,274,287
295,310,308,305
312,317,283,292
338,340,284,300
298,310,308,305
320,324,290,286
333,336,271,259
309,308,276,279
318,316,287,291
332,345,271,262
331,334,269,287
325,334,313,308
344,348,291,292
354,339,280,289
345,332,309,317
330,334,282,296
350,353,287,290
324,332,314,323
343,348,309,306
365,366,298,293
339,334,308,315
341,344,318,322
351,356,297,289
342,330,294,303
330,337,327,327
341,346,296,291
355,353,298,318
331,340,338,334
348,349,319,326
371,375,319,317
342,338,328,338
352,344,340,347
358,363,326,328
345,343,324,318
336,344,350,340
339,341,318,320
359,356,308,318
325,334,344,349
341,347,329,331
364,365,323,327
337,337,348,354
348,352,360,343
358,365,330,329
351,345,323,331
334,337,352,354
342,350,319,312
358,358,316,333
335,337,352,355
345,339,329,332
358,359,311,319
336,332,313,313
342,339,297,289
351,349,228,225
339,316,168,179
321,321,149,149
322,328,69,79
344,347,16,39
343,349,33,58
380,387,17,44
422,422,33,65
415,404,68,98
426,420,107,130
446,439,118,137
440,425,156,178
426,423,215,226
428,417,202,216
438,427,225,254
402,402,282,286
412,405,283,294
424,409,279,290
403,387,297,306
388,391,340,331
389,389,341,315
396,393,330,347
374,375,379,377
379,375,346,343
377,373,333,342
350,344,344,343
347,350,328,331
366,363,303,309
363,355,302,307
343,349,324,328
355,359,299,302
377,373,294,306
342,350,325,336
362,360,312,306
375,373,288,284
344,342,292,295
342,349,309,312
355,359,287,291
363,360,296,304
349,356,336,342
366,371,324,325
387,383,345,342
353,355,363,359
354,346,351,344
362,357,326,336
353,346,340,341
331,337,351,352
330,341,310,313
355,354,309,311
330,336,330,336
346,341,305,299
357,359,285,284
348,343,271,287
346,348,293,301
359,365,261,276
374,369,278,277
355,356,285,301
362,364,265,281
382,380,273,285
349,356,312,316
356,359,299,296
371,377,282,295
360,335,277,275
347,360,307,326
372,373,292,299
380,376,307,314
358,353,333,336
346,352,306,294
361,357,290,291
333,343,318,319
348,352,301,291
359,364,294,291
348,345,298,325
354,358,326,329
366,378,314,305
368,364,294,314
357,361,342,334
364,366,316,319
384,377,310,325
351,350,348,334
365,357,305,313
380,380,316,309
386,354,327,315
366,365,350,321
382,385,304,320
379,373,328,306
353,359,363,349
362,370,315,321
382,373,313,323
347,353,339,357
360,365,342,338
384,382,312,343
371,362,358,357
374,377,372,358
391,394,339,330
375,364,330,320
347,346,344,346
353,356,328,322
368,365,326,324
335,343,342,361
356,360,339,333
365,366,329,334
354,347,359,347
348,356,370,369
368,364,341,348
363,358,361,350
352,359,387,383
363,374,355,362
377,375,355,355
337,342,375,382
344,345,336,353
361,358,346,360
328,324,381,371
332,339,364,368
358,366,365,366
344,326,360,371
333,331,378,368
327,338,343,359
339,334,366,366
317,332,398,392
333,340,380,367
347,352,377,363
312,323,388,397
333,336,385,381
352,358,388,394
341,340,430,419
338,348,479,450
354,372,452,459
358,353,471,444
319,316,459,444
311,316,409,410
329,331,421,415
291,301,445,449
302,313,434,428
324,334,440,432
294,293,420,422
288,300,419,416
301,317,387,399
308,309,392,393
284,299,417,411
293,308,374,381
306,308,369,371
284,282,387,386
289,302,374,372
314,324,360,349
282,289,370,375
298,298,364,359
314,318,348,351
303,301,352,346
292,302,373,368
305,319,347,352
307,310,351,338
282,296,347,351
294,302,328,327
302,308,328,327
274,285,340,344
293,306,337,339
316,328,333,337
293,296,331,352
294,302,352,344
312,325,349,341
312,310,351,350
294,297,382,373
288,298,353,358
306,302,351,355
252,263,361,352
265,277,354,351
288,286,348,332
253,256,332,337
250,267,355,347
273,288,342,330
272,272,333,336
256,275,362,366
278,294,324,340
291,297,327,323
257,270,336,339
272,284,316,324
293,301,319,322
267,266,336,341
279,279,350,334
303,300,325,320
281,278,303,312
265,277,332,335
286,295,316,314
311,313,309,312
268,280,289,325
279,289,314,309
311,314,304,306
274,276,307,314
284,282,307,300
289,300,278,268
285,287,274,281
274,285,308,313
291,297,294,305
311,318,302,307
280,291,331,326
285,296,309,304
306,305,280,277
268,268,278,293
266,277,298,290
287,298,269,274
269,269,273,278
255,268,305,305
272,274,286,294
278,279,288,292
243,251,305,316
256,268,306,307
277,284,292,287
236,218,274,295
234,235,303,333
246,264,288,282
240,242,283,284
225,237,308,315
247,257,292,295
264,268,277,279
218,235,292,287
237,253,279,270
266,272,250,260
264,239,253,263
232,237,266,255
245,261,248,251
250,255,241,244
226,240,253,259
247,261,241,253
269,272,240,245
226,237,251,256
239,251,242,248
260,269,234,231
232,227,211,227
209,220,216,210
205,209,145,143
119,111,52,70
59,80,51,75
95,119,55,68
119,135,48,70
100,121,60,84
120,138,57,74
160,159,56,79
118,121,42,64
0,0,0,0
0,0,0,0
0,0,0,0
0,0,0,0
8,27,0,0
8,26,0,0
0,0,0,0
0,10,0,0
19,40,0,0
0,0,0,0
0,9,0,0
22,49,7,5
29,40,0,0
0,9,5,0
11,38,4,5
27,41,0,0
0,0,0,0
0,0,0,0
0,10,0,0
0,0,0,0
0,0,0,0
12,32,0,0
1,12,0,0
0,0,0,0
5,35,37,2
43,33,0,0
0,0,0,0
11,35,6,8
46,67,1,4
9,15,0,0
3,32,5,13
48,73,9,7
39,50,2,0
0,16,22,9
37,68,15,20
44,59,1,0
9,34,13,19
48,72,12,17
83,98,7,17
43,59,0,15
